10708 20180303  1   -3.8   -3.7   -1.3    1.3   94.4    2.0    8.7    0.0    8.0    1.5  959.0
10708 20180302  1   -4.7   -4.6   -3.5   -1.9   68.9    3.0   14.9    0.1    7.9    3.8  958.0
10708 20180301  1   -8.4   -7.9   -4.2   -0.8   48.5    5.0   15.9    1.6    7.3    0.0  964.5
10708 20180228  1  -14.3  -12.4   -7.9   -3.2   54.3    4.0   18.0    9.9    2.8    0.0  975.5
10708 20180227  1  -14.1  -11.4   -8.2   -4.7   58.0    3.0   11.3    8.1    4.5    0.1  978.9
10708 20180226  1  -12.3   -9.8   -6.7   -3.6   52.2    4.0   14.9    7.1    2.5    0.0  983.7
10708 20180225  1   -8.3   -7.2   -4.1   -0.6   44.5    4.0   16.1   10.3    1.3    0.0  984.0
10708 20180224  1   -6.7   -5.7   -1.5    4.3   51.7    5.0   16.3   10.1    0.5    0.0  979.4
10708 20180223  1   -6.1   -4.8   -1.8    1.8   56.1    4.0   13.2    9.9    0.3    0.0  977.8
10708 20180222  1   -4.9   -3.5   -1.1    2.8   60.1    4.0   16.1    7.5    1.6    0.0  979.0
10708 20180221  1   -5.3   -3.1    0.4    4.7   64.9    3.0   12.2    9.4    2.6    0.0  981.2
10708 20180220  1   -5.0   -2.7   -0.1    3.0   73.2    2.0    8.2    3.1    6.0    0.0  978.3
10708 20180219  1   -2.1   -1.1   -0.2    1.1   77.1    1.0    6.0    0.0    7.5    0.0  981.0
10708 20180218  1   -7.9   -5.1   -1.4    3.1   87.8    2.0    7.7    8.0    2.3    0.0  987.1
10708 20180217  1   -5.2   -3.3    0.4    1.6   91.2    3.0    9.8    0.0    7.0    3.8  982.7
10708 20180216  1   -3.0   -0.6    4.2    8.5   80.1    2.0    6.7    5.6    6.1    0.1  986.4
10708 20180215  1   -0.7   -0.4    2.6    5.0   88.3    2.0    7.4    0.0    8.0    6.6  977.4
10708 20180214  1   -9.0   -5.8   -1.0    4.4   66.8    2.0    7.5    9.3    2.0    0.0  977.1
10708 20180213  1   -7.2   -4.6   -0.9    3.7   69.9    2.0    9.9    9.4    1.9    0.0  975.6
10708 20180212  1   -7.1   -3.8    0.2    3.3   76.7    3.0   10.6    3.4    4.9    0.0  976.9
10708 20180211  1   -1.1   -0.8    0.8    2.6   91.0    4.0   14.1    0.0    7.8    1.4  970.1
10708 20180210  1   -2.0   -0.6    0.1    1.8   90.3    3.0    8.2    0.0    7.7    0.2  978.4
10708 20180209  1   -2.4   -1.7   -0.4    0.8   84.1    2.0    6.7    0.0    8.0    0.1  977.4
10708 20180208  1   -2.3   -1.8   -0.4    1.8   81.9    1.0    5.1    1.2    7.5    0.0  980.4
10708 20180207  1   -7.1   -5.1   -1.5    2.7   82.7    2.0    6.2    7.3    3.0    0.0  975.0
10708 20180206  1   -4.2   -2.5   -0.7    1.9   81.0    3.0    9.9    1.9    6.7    0.0  973.6
10708 20180205  1   -2.5   -1.7   -0.5    1.3   84.2    4.0   13.0    2.3    6.5    0.0  981.6
10708 20180204  1   -2.5   -1.9   -0.6    0.7   89.3    2.0    7.9    0.0    7.9    2.5  977.2
10708 20180203  1   -1.1    0.2    1.2    3.3   90.1    2.0    6.2    0.4    7.4    2.6  969.5
10708 20180202  1   -1.2   -0.5    1.0    2.7   94.4    3.0   10.3    0.0    7.8    1.9  968.8
10708 20180201  3   -2.4   -0.4    2.2    4.7   87.6    3.0   12.9    2.1    6.3    0.4  966.0
10708 20180131  3    2.4    2.7    6.1    7.1   93.2    4.0   16.3    0.0    8.0   18.2  974.7
10708 20180130  3    2.6    4.5    7.1    9.2   91.1    2.0    8.7    0.1    7.2    1.1  990.2
10708 20180129  3    5.7    6.0    7.0    7.9   93.0    4.0   14.6    0.0    8.0    0.8  992.9
10708 20180128  3    2.3    3.1    5.0    6.4   94.6    4.0   11.8    0.0    8.0    1.7  996.4
10708 20180127  3   -2.6   -1.5    2.8    4.8   96.8    2.0    8.7    0.1    6.7    0.3  992.4
10708 20180126  3    2.5    3.8    5.5    7.1   95.9    1.0    5.7    0.0    8.0    0.5  980.5
10708 20180125  3    5.7    6.1    8.1    9.5   88.3    3.0   13.4    0.0    7.9    8.9  977.0
10708 20180124  3    5.2    7.0    8.4   10.5   87.1    4.0   12.3    0.0    6.9    0.6  983.0
10708 20180123  3    3.9    5.1    6.3    7.4   84.8    3.0   10.3    0.0    7.7    0.7  986.3
10708 20180122  3    1.1    1.3    6.3    9.9   94.2    2.0    9.3    0.0    7.6    4.2  973.6
10708 20180121  3   -0.7    0.5    1.9    3.8   84.8    3.0    9.3    3.6    6.6    6.7  975.7
10708 20180120  3   -0.1    0.2    1.5    2.3   95.3    3.0   10.3    0.0    7.9   12.2  967.7
10708 20180119  3    1.1    1.5    2.8    4.4   86.9    4.0   14.2    0.0    7.1    3.5  972.6
10708 20180118  3    0.6    1.5    4.9    8.6   85.5    5.0   21.1    1.1    6.5    7.7  967.3
10708 20180117  3   -0.1   -0.1    2.6    4.6   79.6    5.0   18.3    1.1    6.9    8.6  967.8
10708 20180116  3    1.4    2.2    5.0    6.8   86.1    5.0   21.3    0.3    7.3    4.0  961.2
10708 20180115  3   -4.4   -2.7    2.8    5.9   85.9    4.0   19.2    0.0    6.6   19.0  973.6
10708 20180114  3   -4.4   -2.7    0.6    3.9   85.5    3.0    8.7    7.4    0.8    0.0  981.9
10708 20180113  3   -0.9    0.6    2.9    4.1   80.3    3.0   11.1    0.0    6.3    0.0  984.5
10708 20180112  3   -0.9    1.0    4.7    7.5   89.4    2.0    6.7    2.9    5.6    0.0  985.7
10708 20180111  3    1.3    3.4    5.8    8.0   93.0    1.0    4.6    0.4    7.2    0.0  977.5
10708 20180110  3    3.1    4.9    5.9    7.8   89.5    3.0   11.8    1.6    7.6    1.8  973.3
10708 20180109  3    0.8    2.1    5.6    7.7   85.5    2.0   12.7    1.3    7.2    5.2  974.1
10708 20180108  3    3.5    3.6    4.9    6.0   84.8    4.0   14.4    0.0    7.5    0.0  980.0
10708 20180107  3    3.4    3.5    4.6    5.9   92.1    4.0   14.9    0.0    8.0    0.0  978.8
10708 20180106  3    4.9    5.9    7.0    7.9   93.3    2.0    9.4    0.0    7.9    6.2  969.3
10708 20180105  3    5.3    6.9    7.7    8.8   90.1    4.0   14.1    0.0    7.8    5.3  964.3
10708 20180104  3    3.7    5.2    8.1   12.0   90.5    4.0   18.2    0.0    7.5   25.3  963.3
10708 20180103  3    3.9    5.0    6.9    9.7   82.9    6.0   25.0    0.4    7.3   12.9  964.0
10708 20180102  3    2.1    2.7    4.8    5.9   87.0    4.0   14.2    0.2    7.0    6.5  974.5
10708 20180101  3    3.1    4.3    6.0    8.6   80.4    5.0   18.2    0.9    7.5   12.8  967.5
10708 20171231  3    7.0    8.5   10.7   12.3   78.9    5.0   19.5    0.3    7.3    1.5  970.8
10708 20171230  3    0.6    2.1    7.7   12.8   91.4    4.0   16.3    0.0    7.8    9.8  968.3
10708 20171229  3   -0.4   -0.3    0.9    3.8   88.0    4.0   14.6    0.0    7.6    6.4  969.5
10708 20171228  3   -1.3    0.1    1.1    2.7   86.5    3.0   12.3    0.1    7.4    0.1  963.2
10708 20171227  3    0.4    1.6    4.1    5.5   87.0    3.0   12.9    0.0    7.5   10.9  951.1
10708 20171226  3    0.7    2.7    5.1    8.8   82.0    4.0   18.5    0.1    4.9    4.5  967.7
10708 20171225  3   -1.3    0.7    2.5    4.4   94.0    3.0    8.7    0.0    7.0    0.1  981.5
10708 20171224  3    4.2    4.4    5.5    6.2   95.6    3.0    9.3    0.0    8.0    0.5  991.2
10708 20171223  3    5.8    6.2    6.9    7.4   95.0    3.0   10.3    0.0    8.0    0.5  996.5
10708 20171222  3    5.7    5.8    7.0    8.0   98.4    2.0    6.2    0.0    8.0    1.4  996.1
10708 20171221  3    4.0    4.1    5.5    6.5   98.5    2.0    6.9    0.0    8.0    2.1  996.9
10708 20171220  3    2.6    2.9    3.8    4.6   97.8    2.0    4.1    0.0    8.0    3.5  995.2
10708 20171219  3    0.3    0.5    2.0    3.4   95.8    1.0    5.7    0.0    8.0    4.4  994.6
10708 20171218  3   -0.4   -0.4    0.6    1.8   95.7    2.0   10.5    0.0    8.0    0.5  984.7
10708 20171217  3   -2.4   -0.7    0.3    1.3   89.7    2.0    8.7    0.0    7.3    4.4  985.5
10708 20171216  3    0.5    1.2    2.0    3.2   92.3    2.0    7.2    0.4    7.3    0.1  973.2
10708 20171215  3    0.1    0.6    2.4    4.1   90.8    3.0   14.1    0.6    7.7    8.3  959.5
10708 20171214  3    0.3    1.5    3.8    5.4   84.4    4.0   25.7    0.7    7.4    7.9  959.7
10708 20171213  3   -2.2   -0.8    1.4    5.1   90.4    4.0   18.9    1.6    6.5   14.6  970.1
10708 20171212  3   -2.0   -0.4    1.4    3.8   83.5    4.0   19.0    0.8    6.7    0.2  970.1
10708 20171211  3    3.1    3.9    6.7    9.1   86.0    4.0   17.1    0.0    7.7   21.9  945.4
10708 20171210  3   -2.7   -2.7    1.3    6.7   87.9    4.0   18.5    0.0    7.8   11.2  955.6
10708 20171209  3   -4.0   -2.0   -1.0   -0.2   81.3    4.0   12.9    0.2    7.2    0.2  977.7
10708 20171208  3   -3.8   -1.4    2.0    6.1   89.9    4.0   16.3    1.8    5.9    3.9  974.7
10708 20171207  3   -1.3   -1.3    2.8    6.4   84.8    4.0   15.6    3.5    6.3    8.0  982.0
10708 20171206  3   -1.4    0.5    3.0    3.9   91.3    2.0    4.6    0.0    7.7    0.0  994.3
10708 20171205  3    1.9    1.8    3.0    4.4   94.5    2.0    7.2    0.0    8.0    0.0  997.7
10708 20171204  3   -0.9   -1.0    0.6    2.3   98.5    3.0    6.7    0.0    8.0    0.7  993.1
10708 20171203  3   -2.3   -2.3   -1.8   -0.9   86.3    3.0    7.7    0.0    7.8    1.5  988.1
10708 20171202  3   -5.5   -3.3   -1.0    1.6   83.0    3.0    8.6    6.1    4.5    0.0  985.6
10708 20171201  3   -2.9   -1.2   -0.2    1.5   89.4    2.0    6.7    1.2    6.9    1.3  974.9
10708 20171130  3   -2.7   -1.4    0.6    2.4   93.5    3.0    9.6    0.0    7.6    0.7  967.9
10708 20171129  3   -1.5    0.5    1.8    2.9   91.0    2.0    7.2    1.0    6.8    5.7  968.0
10708 20171128  3    1.9    1.8    3.4    4.4   93.9    4.0   15.8    0.1    7.6    6.0  970.5
10708 20171127  3    0.3    1.2    3.1    4.3   93.0    4.0   17.0    0.0    8.0   17.8  982.7
10708 20171126  3    0.7    1.3    2.0    3.3   88.5    3.0    9.3    0.3    7.5    0.6  986.0
10708 20171125  3   -1.0    1.4    5.0    9.0   91.9    3.0   10.3    0.3    7.3    4.5  975.2
10708 20171124  3    8.6    9.0   10.7   11.9   82.7    4.0   12.9    0.2    7.7   16.0  974.2
10708 20171123  3    4.8    7.8   11.6   14.9   68.3    4.0   15.9    0.5    6.0    0.2  972.1
10708 20171122  3    0.5    3.4    7.7   12.1   77.6    3.0    9.1    8.2    4.2    0.0  974.3
10708 20171121  3    4.5    4.6    5.8    6.8   95.5    4.0   10.8    0.0    8.0    5.1  978.8
10708 20171120  3   -3.6   -1.1    1.7    4.6   93.7    3.0   11.8    0.0    7.0   10.1  982.9
10708 20171119  3   -3.3   -0.5    4.0    6.9   82.7    3.0   12.2    3.5    5.6    0.0  981.8
10708 20171118  3    1.8    3.2    4.2    5.7   86.8    3.0   13.7    0.6    7.6    3.7  984.4
10708 20171117  3    1.1    0.8    3.3    6.2   96.3    1.0    3.1    0.0    7.8    0.0  987.6
10708 20171116  3   -2.0    0.1    1.1    2.1   96.6    2.0    7.7    0.0    6.7    0.2  986.4
10708 20171115  3   -1.4   -0.5    1.8    6.5   92.0    2.0    5.7    3.3    6.2    0.0  987.9
10708 20171114  3   -3.4   -2.3    1.1    6.5   95.7    1.0    4.6    4.5    5.3    0.0  987.5
10708 20171113  3   -2.8   -0.4    3.8    7.5   88.4    2.0    8.6    2.1    4.9    0.2  978.5
10708 20171112  3    0.4    1.7    4.0    6.5   95.3    2.0   12.9    0.0    7.5   23.1  967.1
10708 20171111  3    2.9    4.2    6.7    9.7   94.3    3.0   13.0    0.0    7.9   15.1  974.8
10708 20171110  3    3.1    3.0    4.7    7.0   95.5    3.0   12.5    0.0    7.8    7.2  982.0
10708 20171109  3    3.1    4.3    5.5    6.7   93.6    2.0    7.2    0.0    8.0    0.1  985.4
10708 20171108  3    4.6    4.8    5.3    5.9   97.3    2.0    4.1    0.0    8.0    1.4  979.7
10708 20171107  3   -0.8    0.9    3.9    5.7   87.5    2.0    8.6    0.0    5.9    1.8  981.4
10708 20171106  3   -3.3   -1.8    3.3    8.3   83.5    2.0    6.5    4.4    4.6    0.0  983.9
10708 20171105  3   -1.0    1.6    7.6   11.5   88.5    3.0   14.2    0.0    7.5    4.5  973.3
10708 20171104  3    4.5    5.5   11.1   16.4   84.5    2.0   10.8    3.8    6.8   15.3  972.8
10708 20171103  3    3.3    5.8    8.8   12.4   88.8    2.0    4.6    0.6    6.6    0.0  978.2
10708 20171102  3    3.3    6.8    8.9   10.4   83.9    3.0    9.6    0.0    7.5    0.0  978.9
10708 20171101  3    0.5    2.4    7.3   14.4   75.6    1.0    3.6    8.3    5.6    0.0  985.0
10708 20171031  3   -4.0   -1.7    4.2   10.1   80.6    1.0    4.1    8.1    2.8    0.0  989.1
10708 20171030  3   -2.6   -0.1    4.0    9.9   84.2    2.0    7.4    5.6    2.5    0.0  987.9
10708 20171029  3   -1.0    2.1    8.6   11.5   85.1    4.0   17.3    2.3    5.5    2.9  978.5
10708 20171028  3    0.6    2.9    7.1    9.2   87.0    4.0   14.6    0.1    6.3    1.4  986.6
10708 20171027  3    2.3    4.2   10.2   13.8   82.0    2.0   12.0    4.2    4.7    0.1  989.1
10708 20171026  3    4.4    6.4   10.5   13.6   97.8    1.0    4.1    0.0    6.5    0.4  987.3
10708 20171025  3    5.3    7.1   12.4   14.7   96.8    2.0    6.7    0.1    6.8    0.2  986.6
10708 20171024  3    9.4    9.5   11.3   13.2   96.0    3.0    7.7    0.0    8.0    1.6  987.0
10708 20171023  3    5.9    6.9    8.8   10.8   91.6    3.0    8.2    0.1    7.7    3.5  984.0
10708 20171022  3    5.8    6.4    8.1    9.4   87.8    4.0   13.2    0.0    7.5    8.4  979.2
10708 20171021  3    7.4    9.0   11.6   15.5   89.6    3.0    9.9    0.1    6.7    2.5  978.2
10708 20171020  3    6.2    8.9   13.0   16.5   71.5    3.0   13.9    2.7    5.3    0.1  976.9
10708 20171019  3    5.5    8.5   15.1   22.4   66.0    2.0    9.8    8.3    3.9    0.2  975.4
10708 20171018  3    4.4    8.8   13.9   20.4   75.1    2.0    9.8    9.1    3.1    0.0  977.9
10708 20171017  3    5.6    9.8   15.1   21.6   74.2    1.0    4.6    9.1    2.3    0.0  983.8
10708 20171016  3    6.9   10.9   16.4   23.5   72.7    2.0    6.2    9.5    0.4    0.0  987.0
10708 20171015  3    4.2    7.5   14.4   22.2   83.8    2.0    7.0   10.0    0.0    0.0  987.8
10708 20171014  3    4.3    7.2   13.6   21.3   86.4    2.0    5.0   10.4    0.2    0.0  989.7
10708 20171013  3    6.2    9.7   13.3   19.0   92.8    2.0    6.2    1.5    5.1    0.0  989.5
10708 20171012  3    7.4   10.4   13.2   17.5   89.4    3.0   11.3    2.5    6.0    0.0  985.5
10708 20171011  3    7.9    9.6   12.6   16.0   90.5    2.0    7.7    0.3    6.0    0.0  982.0
10708 20171010  3    8.6    9.6   11.8   15.7   95.7    3.0    8.7    0.4    7.5    1.5  981.7
10708 20171009  3    6.7    8.6   11.1   15.2   91.8    2.0    5.7    1.0    6.8    0.4  982.8
10708 20171008  3    8.5    8.8   11.1   14.0   93.3    2.0    8.9    0.0    7.4    0.1  980.5
10708 20171007  3    1.2    4.1    8.3   11.9   89.2    3.0   12.2    0.6    7.3    4.2  984.0
10708 20171006  3    1.1    4.7    7.9   11.8   93.3    3.0   11.3    3.2    4.9    0.6  983.6
10708 20171005  3    1.6    4.8    9.9   14.2   91.9    4.0   15.1    2.7    3.7    3.9  979.3
10708 20171004  3    3.7    5.8    9.9   14.3   87.2    3.0   11.3    1.5    6.8    0.0  986.4
10708 20171003  3    3.9    6.2   11.5   15.5   87.3    3.0   10.3    5.7    5.0    0.0  982.9
10708 20171002  3   10.2   10.8   13.2   15.4   95.7    4.0   11.7    0.0    7.6   14.6  980.0
10708 20171001  3    8.2    8.3   11.7   16.8   85.0    2.0    6.9    5.6    7.2    0.9  983.8
10708 20170930  3    4.9    7.1   13.3   17.5   94.3    2.0   12.2    1.0    7.0    2.3  980.5
10708 20170929  3   12.3   14.0   17.6   23.3   81.5    2.0    6.3    7.2    6.7    0.1  984.0
10708 20170928  3    8.6   10.6   15.9   21.4   82.7    2.0    7.7    3.3    6.9    0.5  985.9
10708 20170927  3    4.2    7.7   13.6   20.3   83.6    2.0    4.6    8.7    2.5    0.0  985.0
10708 20170926  3    4.8    8.2   13.2   19.7   84.6    2.0    5.7    7.7    3.0    0.0  983.5
10708 20170925  3    4.7    7.9   12.7   19.1   84.5    2.0    7.7   10.3    1.8    0.0  982.2
10708 20170924  3    3.9    7.3   12.8   19.4   86.2    2.0    5.8    7.5    1.5    0.0  983.8
10708 20170923  3    5.7    9.0   13.5   19.6   81.8    2.0    6.7    7.8    3.4    0.0  984.5
10708 20170922  3    2.7    6.0   12.7   19.8   81.3    1.0    5.0    9.8    5.0    0.0  983.1
10708 20170921  3    2.3    4.9   11.1   18.5   82.1    2.0    6.5   11.4    4.1    0.0  982.9
10708 20170920  3    2.2    4.8    9.0   14.9   94.7    2.0    6.0    2.2    4.9    0.0  984.3
10708 20170919  3    3.6    6.2   10.3   14.6   93.8    2.0   10.1    2.3    6.7    2.8  980.9
10708 20170918  3    5.3    7.5    9.8   13.9   93.7    2.0    9.3    1.4    6.9    4.1  978.8
10708 20170917  3    2.4    4.2    9.3   15.1   89.4    2.0    7.4    3.2    5.5    1.1  976.1
10708 20170916  3    2.0    3.3    8.6   15.9   91.3    1.0   10.6    7.0    3.9    1.1  974.9
10708 20170915  3    2.5    5.2   10.2   15.4   87.0    2.0    8.7    4.3    4.5    0.6  976.0
10708 20170914  3    6.2    8.3   10.5   13.1   92.0    4.0   17.3    2.3    6.3    7.3  971.9
10708 20170913  3    8.6   10.0   12.5   18.3   94.2    4.0   20.6    0.5    7.5   55.4  970.3
10708 20170912  3    8.6   10.1   12.5   16.5   82.8    4.0   13.0    2.2    6.4    1.7  972.6
10708 20170911  3    8.8   10.5   12.3   16.9   84.3    4.0   16.1    3.1    5.8    1.1  965.8
10708 20170910  3    4.4    6.4   11.0   17.0   89.8    2.0    7.2    3.7    5.0    0.9  969.0
10708 20170909  3    5.1    8.1   13.3   15.9   86.5    3.0   11.8    1.2    6.3    3.7  964.1
10708 20170908  3   10.2   11.4   14.7   18.1   74.5    4.0   14.2    0.4    6.8    1.3  971.9
10708 20170907  3    8.7   10.6   14.1   18.3   77.3    2.0    7.9    3.4    6.3    0.0  980.1
10708 20170906  3   11.7   12.7   15.9   18.7   79.5    3.0   13.2    1.8    6.6    0.0  981.2
10708 20170905  3   11.8   13.0   18.3   23.3   79.5    2.0    7.7    2.2    6.9    0.1  981.5
10708 20170904  3    6.4    8.5   13.9   19.8   83.0    2.0    6.2    2.8    6.6    0.6  979.5
10708 20170903  3    7.9    9.0   12.1   18.5   89.7    1.0    4.1    4.5    6.3    0.0  979.7
10708 20170902  3    7.6    9.3   12.7   17.4   88.5    1.0   10.1    4.0    6.2   11.0  981.4
10708 20170901  3    5.0    6.8   13.5   20.0   78.6    2.0    8.7    7.4    4.1    0.0  982.3
10708 20170831  3    7.5    9.8   15.2   18.4   90.8    3.0   12.5    0.4    6.9    0.9  979.6
10708 20170830  3   14.9   17.2   21.3   26.2   74.9    3.0   10.8    3.3    5.9    3.3  973.8
10708 20170829  3   11.4   15.0   22.1   29.9   67.3    2.0    6.0   12.4    1.2    0.0  977.7
10708 20170828  3   14.5   15.8   21.1   27.8   72.3    2.0    7.2   12.2    2.0    0.0  980.9
10708 20170827  3   13.1   15.6   20.3   25.4   80.0    2.0    5.7    5.8    4.4    0.0  980.3
10708 20170826  3   13.8   16.3   21.5   28.0   74.8    2.0    8.2   10.0    3.3    0.0  978.8
10708 20170825  3   12.4   14.4   20.8   28.5   72.7    2.0    6.3    9.8    4.8    0.0  979.8
10708 20170824  3   13.1   15.6   19.3   23.4   69.8    2.0    8.2    7.9    6.1    0.0  980.4
10708 20170823  3   12.5   13.4   20.2   27.8   66.0    2.0    6.2   11.5    4.2    0.0  979.0
10708 20170822  3    8.0   10.5   17.5   23.6   66.7    2.0    5.8   12.5    3.2    0.0  982.6
10708 20170821  3   10.3   11.2   15.4   21.2   74.6    1.0    5.1    4.6    6.5    0.0  986.0
10708 20170820  3    6.9    9.5   13.9   19.0   78.3    2.0    9.1    9.6    3.1    0.0  986.8
10708 20170819  3    9.1   11.0   15.3   20.0   79.2    3.0   12.2    9.7    3.7    0.1  982.6
10708 20170818  3   14.3   14.9   18.4   24.4   87.1    3.0   15.9    2.3    7.0    5.4  978.4
10708 20170817  3   11.8   14.2   20.1   25.2   78.0    2.0   11.0    6.2    5.8    0.0  981.0
10708 20170816  3   13.6   14.8   19.2   24.4   84.2    1.0    3.6    5.3    5.6    0.0  983.4
10708 20170815  3   13.6   15.4   19.3   23.8   83.6    2.0   12.2    4.5    5.2    4.4  980.6
10708 20170814  3    9.8   12.4   19.4   27.0   76.8    2.0    6.2   10.5    3.8    0.0  981.5
10708 20170813  3    9.8   12.5   16.4   21.5   86.8    2.0    6.2    5.0    5.6    0.1  983.2
10708 20170812  3   12.8   12.9   14.7   17.4   91.7    3.0   12.9    0.4    7.7    1.1  981.8
10708 20170811  3   11.7   11.3   13.5   17.0   97.0    2.0    7.7    0.0    7.8   29.6  980.3
10708 20170810  3    8.2   11.0   13.5   15.4   95.6    1.0    5.7    0.2    7.3    1.4  982.0
10708 20170809  3    9.0   10.5   16.4   22.7   79.1    2.0    7.9    9.2    5.5    3.7  979.2
10708 20170808  3   10.7   12.3   16.6   20.6   85.4    3.0   14.4    2.1    5.9   14.1  974.5
10708 20170807  3    6.9   10.1   18.4   25.7   59.4    2.0   10.1   13.5    2.7    0.0  980.2
10708 20170806  3    6.7    9.6   15.9   22.3   67.8    2.0    6.7   13.5    1.2    0.0  985.0
10708 20170805  3    9.4   12.4   18.3   22.8   74.6    3.0   14.4    3.5    5.5    0.4  979.2
10708 20170804  3   12.2   15.2   19.6   23.6   69.8    3.0   12.3    5.5    5.1    0.0  978.2
10708 20170803  3   16.8   19.1   22.3   26.1   74.0    3.0   14.7    5.0    5.4    0.0  977.1
10708 20170802  3   13.4   15.0   21.6   27.5   77.9    2.0    9.3    8.5    6.3    0.5  980.9
10708 20170801  3   14.9   16.0   19.2   22.3   90.2    2.0   17.1    2.0    6.9    4.2  978.8
10708 20170731  3   12.9   15.2   20.1   24.5   82.3    2.0    6.2    7.1    5.1    0.8  977.2
10708 20170730  3   15.1   17.0   21.1   24.8   75.9    3.0   12.9    8.3    4.7    0.9  975.2
10708 20170729  3   13.7   15.4   20.9   26.8   69.0    3.0   12.2   12.0    5.2    0.0  977.6
10708 20170728  3   10.6   12.6   17.1   22.2   76.6    2.0   10.8    5.1    6.0    0.0  977.5
10708 20170727  3   12.4   14.4   17.5   22.2   90.9    3.0   12.3    1.7    7.7    1.4  973.1
10708 20170726  3   12.9   13.2   16.7   21.6   78.3    3.0   11.0    5.6    6.7    2.0  973.9
10708 20170725  3   11.2   11.6   13.9   18.0   93.8    3.0   15.4    1.3    7.5    6.1  973.5
10708 20170724  3   11.0   11.7   13.7   17.1   93.9    3.0   15.3    1.7    7.2   11.4  973.2
10708 20170723  3   13.8   14.0   17.2   20.6   71.2    4.0   13.9    3.9    7.0   18.7  978.6
10708 20170722  3   15.2   16.0   20.7   26.4   77.1    2.0   11.8   10.2    5.0    0.6  976.0
10708 20170721  3    9.3   11.5   19.6   26.3   69.8    2.0   17.8   11.3    3.2    4.8  976.1
10708 20170720  3   11.0   13.9   20.2   24.2   71.8    3.0   13.7    4.1    5.0    5.3  975.4
10708 20170719  3   15.3   17.6   25.1   30.9   51.1    3.0   13.4   12.2    2.9    0.0  974.8
10708 20170718  3   16.1   16.7   23.3   30.3   65.5    3.0    8.7   12.8    3.7    0.0  979.4
10708 20170717  3   11.7   13.8   21.7   27.6   70.2    2.0    7.7   11.4    4.0    0.0  983.5
10708 20170716  3   13.2   14.1   18.4   23.8   73.5    2.0    6.5    3.1    5.9    0.0  986.4
10708 20170715  3    7.5    9.7   15.6   20.3   73.7    2.0    8.4    7.1    6.2    0.0  985.7
10708 20170714  3   11.4   12.5   17.3   22.5   67.7    3.0   11.8    6.2    6.0    1.2  980.4
10708 20170713  3    5.9    8.5   15.8   22.3   65.0    2.0    6.0   13.9    2.9    0.1  983.4
10708 20170712  3    8.6   10.8   16.4   20.0   88.3    3.0   14.9    1.9    5.5   11.3  976.7
10708 20170711  3   12.6   14.3   17.4   22.7   87.4    2.0   10.3    5.0    6.5    2.1  976.8
10708 20170710  3   14.8   14.5   19.1   23.4   86.9    3.0   12.7    2.9    7.0   26.9  973.1
10708 20170709  3   15.3   16.8   22.3   29.3   68.7    2.0   14.1    6.7    6.0    1.1  975.6
10708 20170708  3   13.5   16.3   24.0   29.7   55.6    2.0   11.3   14.8    2.3    0.0  979.2
10708 20170707  3   16.3   16.9   23.4   29.8   65.1    3.0   12.0   10.3    5.8    0.0  979.4
10708 20170706  3   12.8   16.0   24.5   32.1   54.7    2.0   21.4   13.1    3.4    0.6  980.1
10708 20170705  3   10.7   13.2   22.0   29.1   58.0    2.0    6.5   15.2    3.1    0.0  980.6
10708 20170704  3    9.1   12.0   19.5   25.9   69.3    2.0    6.7   12.2    2.3    0.0  983.1
10708 20170703  3   11.2   13.9   17.8   23.5   75.5    3.0   10.1    8.0    4.9    0.0  985.0
10708 20170702  3   13.4   13.7   15.2   18.5   89.5    3.0   10.6    1.7    7.2    6.2  983.2
10708 20170701  3   12.7   12.8   14.0   16.5   96.0    3.0   11.8    0.0    7.9    4.1  975.3
10708 20170630  3   10.9   11.8   15.3   21.3   79.8    3.0   13.2    5.2    5.8    2.1  969.8
10708 20170629  3   11.8   12.5   16.2   21.2   85.2    3.0   12.2    4.1    7.3    2.3  963.4
10708 20170628  3   15.0   15.9   18.1   22.5   85.4    3.0   17.1    4.5    6.7    3.2  962.8
10708 20170627  3   15.7   16.4   19.8   23.8   82.0    2.0    9.3    1.2    7.2   12.6  970.1
10708 20170626  3   11.5   14.4   21.8   28.3   63.2    2.0    7.7   13.6    3.0    0.3  975.5
10708 20170625  3   10.7   13.8   19.1   22.9   67.6    3.0   11.8    7.4    4.6    0.0  977.8
10708 20170624  3   10.8   13.8   18.5   23.9   65.6    3.0   14.1   12.8    2.4    0.0  980.3
10708 20170623  3   12.1   14.9   21.2   25.3   62.3    3.0   12.2   14.6    5.0    0.0  979.7
10708 20170622  3   14.6   18.0   24.8   32.2   66.3    2.0   14.2   11.0    4.6    9.4  976.7
10708 20170621  3   16.8   19.2   24.9   31.1   59.9    2.0    8.7   14.2    3.8    0.0  978.6
10708 20170620  3   15.3   17.4   25.1   32.1   54.8    2.0    8.7   13.8    2.6    0.0  979.0
10708 20170619  3    9.3   12.8   21.8   29.2   54.8    2.0    7.7   15.6    0.5    0.0  982.1
10708 20170618  3   13.4   14.9   19.8   25.0   68.3    3.0   10.3   12.2    3.3    0.0  986.1
10708 20170617  3    6.2    9.6   16.5   22.2   74.8    2.0    6.2    5.3    5.0    0.0  988.6
10708 20170616  3    8.7   12.2   16.6   20.6   69.9    3.0   12.5    9.8    5.5    0.0  984.3
10708 20170615  3   11.3   14.1   21.0   29.0   73.1    2.0   13.9   11.3    3.4   11.8  978.8
10708 20170614  3   11.9   13.0   19.4   25.9   60.8    3.0    9.1   15.0    3.2    0.0  980.0
10708 20170613  3    5.5    8.4   16.8   23.3   66.0    2.0    7.0   13.0    2.8    0.0  981.5
10708 20170612  3    8.3   11.3   18.7   21.7   61.6    3.0   12.7   12.4    3.4    0.0  980.2
10708 20170611  3   10.4   12.7   21.6   29.0   57.5    2.0    6.2   12.0    3.2    0.0  980.1
10708 20170610  3    5.5    7.8   17.1   23.9   66.9    1.0    5.5   15.4    1.3    0.0  983.4
10708 20170609  3    6.3    9.4   15.5   18.6   81.7    2.0   13.4    5.2    5.3   25.6  977.3
10708 20170608  3    5.4    7.5   16.4   23.6   61.3    2.0    7.7   13.7    4.1    0.0  980.4
10708 20170607  3    6.5    7.4   11.5   16.9   77.3    4.0   16.3    5.1    5.2    3.3  979.4
10708 20170606  3    6.9    7.5   12.7   17.1   78.1    4.0   17.5    4.4    6.8    5.8  969.7
10708 20170605  3    6.3    7.8   15.2   21.7   71.1    1.0    5.8   11.4    4.6    0.0  976.4
10708 20170604  3    6.8    9.1   13.5   17.1   91.6    3.0   11.8    4.3    7.1    0.1  978.8
10708 20170603  3   14.5   15.7   19.8   26.0   80.3    2.0   10.5    5.5    6.7   20.8  975.9
10708 20170602  3   11.4   14.3   19.8   27.4   75.2    2.0   13.4    8.9    3.8    6.8  979.6
10708 20170601  3   10.6   13.2   20.1   26.7   61.6    2.0    5.7   13.4    3.0    0.0  983.0
10708 20170531  3    8.4   11.0   18.4   25.3   65.9    2.0    6.0   15.1    4.9    0.0  983.5
10708 20170530  3   12.2   14.8   20.9   25.9   70.3    3.0   15.4    9.5    3.8   18.3  978.5
10708 20170529  3   13.5   16.6   24.4   31.2   53.6    3.0    9.9   14.3    1.4    0.0  977.1
10708 20170528  3   12.7   15.3   24.1   30.7   58.1    2.0    6.9   14.1    4.7    0.0  980.8
10708 20170527  3   10.8   13.2   22.0   30.0   53.3    2.0    8.2   15.1    0.7    0.0  981.0
10708 20170526  3   10.5   12.1   18.9   25.6   61.4    3.0   10.8   15.4    0.1    0.0  982.2
10708 20170525  3    8.5   11.0   17.5   23.0   66.9    3.0    9.1   14.1    4.0    0.0  984.5
10708 20170524  3    6.9    9.9   16.5   22.0   66.9    2.0    6.5    6.6    6.3    0.0  986.2
10708 20170523  3    9.0   11.5   18.4   24.2   63.9    3.0   11.1   10.9    6.4    0.0  981.5
10708 20170522  3    7.2    8.8   16.6   23.2   64.3    2.0    8.4   13.3    3.3    0.0  980.7
10708 20170521  3    1.9    4.6   13.5   20.2   68.3    2.0    7.7   13.8    2.9    0.0  987.1
10708 20170520  3    3.7    6.3   10.5   15.9   80.5    2.0    8.7    7.1    4.3    0.0  984.7
10708 20170519  3    4.7    7.2   10.7   14.9   96.5    3.0   10.1    0.6    6.9   21.7  976.4
10708 20170518  3   12.3   14.8   18.4   21.7   76.7    2.0   12.2    2.7    6.6    6.2  975.0
10708 20170517  3    9.3   12.4   20.5   28.0   48.1    2.0    7.7   13.1    4.4    0.0  981.6
10708 20170516  3    6.3    9.1   18.1   25.3   53.1    2.0    7.2   14.6    3.4    0.0  990.0
10708 20170515  3    5.9    8.9   15.0   21.6   64.4    1.0    7.4   12.6    4.0    0.0  991.1
10708 20170514  3    9.1   11.5   15.2   20.3   77.4    2.0   10.6    8.1    5.8    3.5  984.5
10708 20170513  3    9.6   11.8   15.2   21.7   78.9    2.0    8.7    5.3    6.2    0.0  975.3
10708 20170512  3    8.3   10.8   14.7   21.2   81.3    3.0   10.8    5.8    7.1    0.3  966.6
10708 20170511  3    7.0    9.8   15.3   21.7   69.1    2.0   14.4    3.4    7.0    2.8  963.6
10708 20170510  3   -2.0    1.3   11.3   20.0   57.0    2.0    7.7   13.9    1.5    0.1  970.6
10708 20170509  3    0.3    2.7    8.5   14.1   70.6    2.0    7.2    8.5    3.1    0.0  979.8
10708 20170508  3    6.0    6.6    8.5    9.7   86.9    2.0    9.1    0.0    8.0    0.1  981.0
10708 20170507  3    8.8    9.4   11.2   13.0   99.0    2.0    7.2    0.0    7.9    4.3  976.5
10708 20170506  3    3.9    5.7   11.3   16.4   84.7    3.0   10.5    3.3    6.5    6.3  973.0
10708 20170505  3    6.8    7.8   11.3   16.7   79.7    2.0    8.9    6.5    5.1    0.0  979.7
10708 20170504  3    3.6    5.3    9.5   15.3   89.2    2.0    7.2    4.1    6.2    6.4  978.1
10708 20170503  3    3.4    5.2    9.2   14.3   86.8    2.0    7.7    2.3    6.5    0.6  979.6
10708 20170502  3    1.8    4.1    9.5   14.9   72.8    2.0    8.2    3.1    7.3    0.3  977.6
10708 20170501  3    3.2    5.3    8.7   12.5   82.9    3.0   11.0    1.1    7.6    2.1  974.3
10708 20170430  3    0.1    1.9   11.6   19.2   49.4    3.0   11.7   13.2    2.6    0.2  971.8
10708 20170429  3   -2.6    0.5    7.6   14.4   68.8    2.0    6.2    9.2    2.7    0.0  978.8
10708 20170428  3   -5.4   -2.1    5.4   11.1   71.2    2.0    9.9    6.2    3.7    0.0  977.3
10708 20170427  3   -2.2    0.5    6.0   10.4   63.5    2.0    8.9    6.2    5.6    0.0  976.7
10708 20170426  3    1.8    2.4    5.7    8.8   66.9    2.0    7.7    1.3    7.5    0.0  973.7
10708 20170425  3    0.1    3.8    6.2    8.3   68.3    2.0   10.1    0.5    7.5    0.1  971.2
10708 20170424  3   -3.6   -0.5    9.0   16.5   51.5    2.0    8.7   12.9    3.9    0.0  977.5
10708 20170423  3   -4.7   -0.7    6.0   12.1   59.7    2.0    8.7   11.0    3.1    0.0  986.1
10708 20170422  3    0.3    3.3    8.5   13.2   70.4    2.0    9.3    1.1    6.8    0.0  986.5
10708 20170421  3   -3.9   -0.2    8.4   16.0   51.0    2.0    8.2   12.3    2.1    0.0  991.7
10708 20170420  3   -5.1   -3.0    4.0   10.9   54.0    2.0    8.2   13.4    2.1    0.0  995.6
10708 20170419  3   -3.2   -0.6    2.7    7.0   63.6    3.0   12.3    5.0    3.9    0.0  992.9
10708 20170418  3   -4.8   -1.7    3.7   10.2   69.6    3.0   13.2    8.2    2.8    0.1  986.0
10708 20170417  3   -0.1    2.3    6.4    8.6   80.7    3.0   11.3    2.0    6.3    3.0  980.0
10708 20170416  3    3.6    5.2    7.3   10.1   79.9    3.0   13.2    0.5    7.5    0.0  982.4
10708 20170415  3    1.6    3.8    8.3   12.8   81.7    3.0   10.5    1.5    6.5    2.9  979.3
10708 20170414  3    2.7    6.5   10.4   15.1   60.1    2.0   10.1    5.5    5.5    0.0  978.6
10708 20170413  3    5.3    6.5    9.6   14.1   71.0    3.0   12.3    3.7    6.2    0.0  978.3
10708 20170412  3   -1.3    1.6   10.3   17.5   61.7    3.0   13.0   11.0    5.9    0.0  980.9
10708 20170411  3    0.4    2.9    8.4   14.7   59.9    2.0    6.7    8.7    5.6    0.0  986.9
10708 20170410  3    2.6    6.4   13.0   21.2   64.3    3.0   12.3   11.0    3.6    0.0  982.5
10708 20170409  3    1.9    6.2   14.3   23.0   57.4    2.0    6.3   12.9    0.1    0.0  984.9
10708 20170408  3   -0.6    3.0   11.1   18.8   68.1    2.0    6.9   12.3    0.7    0.0  985.5
10708 20170407  3   -2.8    0.1    8.3   15.6   72.0    2.0    7.2   12.1    1.4    0.0  986.8
10708 20170406  3   -2.1    1.3    6.5   10.8   68.3    2.0    8.7    4.3    4.4    0.0  988.1
10708 20170405  3   -0.2    3.4    9.6   15.4   62.4    2.0   10.3    8.0    3.9    0.0  985.5
10708 20170404  3    1.0    4.3   11.1   16.8   56.8    2.0    8.9    8.6    3.5    0.0  984.6
10708 20170403  3    1.4    5.4   12.5   18.5   55.4    3.0    9.3    8.6    2.0    0.0  985.9
10708 20170402  3    0.4    3.7   10.8   17.1   69.6    2.0    7.7    5.2    5.4    0.0  981.5
10708 20170401  3    3.3    5.2   11.1   17.3   74.0    2.0   10.8    3.7    6.5    0.0  975.6
10708 20170331  3    5.0    9.8   15.0   20.5   50.0    3.0   14.1   10.9    5.3    0.0  979.2
10708 20170330  3    2.7    6.7   13.5   20.0   67.1    2.0    7.7   11.6    5.2    0.0  987.1
10708 20170329  3    1.7    4.5   11.8   18.1   71.2    2.0   10.3   10.7    4.0    0.0  988.8
10708 20170328  3    0.6    5.0   12.6   19.6   62.0    2.0   12.9   10.4    1.1    0.6  985.3
10708 20170327  3    0.3    3.0   10.2   18.1   50.7    3.0   11.3   12.3    0.9    0.0  983.9
10708 20170326  3    0.3    3.4    9.6   15.9   51.8    3.0   11.7   11.8    2.0    0.0  983.5
10708 20170325  3    2.4    3.9    9.5   15.3   58.9    4.0   16.6   11.5    3.6    0.0  984.8
10708 20170324  3    4.6    6.2    8.1   10.3   81.2    4.0   12.0    1.9    5.6    0.0  985.6
10708 20170323  3    1.5    3.1    8.8   15.6   79.9    3.0   11.0    8.8    5.0    0.0  976.0
10708 20170322  3    3.2    3.4    5.3    8.0   88.6    2.0    7.2    0.0    7.0    0.0  975.5
10708 20170321  3    3.9    4.2    7.4   10.4   89.7    3.0   12.7    0.0    7.8    5.2  973.9
10708 20170320  3    7.3    8.4    9.6   11.5   78.9    4.0   11.0    0.0    7.5    0.0  974.6
10708 20170319  3    8.0    9.1    9.8   10.4   97.2    4.0   14.9    0.0    8.0    0.5  975.8
10708 20170318  3    4.6    4.9    7.5    9.7   94.5    5.0   15.8    0.0    8.0    5.1  974.7
10708 20170317  3    0.3    4.3    9.1   13.3   71.4    3.0   12.5    4.5    5.1    2.2  978.8
10708 20170316  3    0.0    3.4   10.5   18.2   60.3    2.0    5.7   10.5    1.0    0.0  985.9
10708 20170315  3   -1.3    1.3    8.6   15.0   76.7    2.0    6.7    5.5    5.2    0.0  992.9
10708 20170314  3    0.0    2.5    8.2   14.8   68.2    2.0    7.2    8.5    6.2    0.0  993.5
10708 20170313  3    0.1    2.2    8.1   15.2   57.1    2.0    8.1    7.9    3.8    0.0  985.9
10708 20170312  3    0.2    2.3    7.9   14.6   58.4    3.0   10.1    9.4    4.6    0.0  977.0
10708 20170311  3   -0.8    1.3    7.2   15.2   67.2    3.0    7.2    8.9    5.5    0.0  982.7
10708 20170310  3   -1.4    1.2    6.2   12.0   72.5    2.0    6.5   10.6    1.7    0.0  988.4
10708 20170309  3    4.7    6.9   10.2   12.7   95.8    3.0   11.8    1.0    6.3    6.6  982.6
10708 20170308  3   -1.6    1.2    4.5   10.3   97.2    3.0   13.4    0.0    6.8   20.5  981.8
10708 20170307  3   -1.5    1.7    4.8    8.0   89.6    3.0   10.3    1.9    6.9    0.7  977.5
10708 20170306  3    2.4    3.8    5.8    8.5   80.5    4.0   14.2    1.5    7.3    3.4  965.6
10708 20170305  3    2.4    2.8    4.8    8.4   91.0    4.0   17.3    0.4    7.8   14.2  964.6
10708 20170304  3    2.7    4.7    9.6   16.4   68.4    3.0   21.3    4.2    7.6    4.0  958.6
10708 20170303  3   -1.1    0.6    6.4   12.4   69.8    2.0    7.2    2.4    7.4    0.0  970.7
10708 20170302  3   -0.8    1.3    6.5    9.2   70.9    4.0   19.0    5.5    4.4    0.0  975.2
10708 20170301  3    1.6    2.5    4.9    7.2   93.7    4.0   16.5    0.1    7.7   20.6  966.9
10708 20170228  3    1.3    1.8    4.0    6.4   90.2    4.0   16.6    1.0    7.0    6.2  959.0
10708 20170227  3    3.6    4.1    9.2   12.0   72.8    4.0   30.2    1.8    7.5   10.0  967.0
10708 20170226  3   -0.7    1.5    6.9   12.4   72.8    3.0   12.7    5.4    5.8    0.0  977.7
10708 20170225  3   -5.4   -3.8    1.2    6.7   91.1    1.0    5.1    4.0    6.5    0.0  983.0
10708 20170224  3   -4.5   -1.8    3.7    7.7   82.4    3.0   19.5    3.6    4.8    0.0  975.6
10708 20170223  3    4.4    6.2    7.8   10.3   81.5    5.0   21.1    0.1    7.6    2.2  967.9
10708 20170222  3    6.9    7.5    8.4    9.3   93.3    5.0   18.3    0.0    7.9    0.1  976.5
10708 20170221  3    7.4    7.6    8.9    9.8   99.3    4.0   13.0    0.0    8.0    5.4  980.0
10708 20170220  3    3.0    4.6    6.3    7.6   95.9    3.0   12.7    0.0    7.8    3.1  983.5
10708 20170219  3   -7.0   -3.9    3.3    9.1   82.8    2.0    9.1    4.4    3.8    0.0  985.6
10708 20170218  3   -3.9   -0.8    4.2    7.7   87.5    2.0    5.8    0.6    6.0    0.0  988.3
10708 20170217  3    1.8    4.1    6.2    8.7   91.8    2.0    9.3    0.6    7.1    0.0  988.7
10708 20170216  3   -2.5    1.8    6.9   14.0   87.5    2.0    8.6    5.5    3.8    3.6  992.4
10708 20170215  3   -5.3   -2.5    4.9   13.4   77.3    1.0    3.6    9.1    0.4    0.0  995.1
10708 20170214  3   -5.0   -2.5    2.0    8.0   73.9    2.0    9.3    9.0    0.0    0.0  990.3
10708 20170213  3   -1.6   -0.2    1.3    4.2   85.1    4.0   15.4    3.1    4.2    0.0  987.0
10708 20170212  3   -0.9   -0.2    2.9    6.9   95.8    3.0   13.2    2.4    7.2    1.0  984.5
10708 20170211  3   -0.5   -0.4    1.0    3.0   99.5    2.0    7.9    0.2    7.8    6.4  979.8
10708 20170210  3   -1.7   -1.3   -0.2    2.2   83.8    3.0    8.4    0.4    7.6    3.9  980.8
10708 20170209  3   -3.3   -2.6   -0.5    1.8   81.7    3.0   10.3    2.6    7.3    0.0  985.1
10708 20170208  3   -1.2   -0.1    2.4    4.6   94.4    3.0    7.4    0.0    7.5    0.0  982.5
10708 20170207  3   -2.0    0.0    2.6    4.6   98.5    2.0    5.1    0.0    7.5    1.6  978.6
10708 20170206  3   -2.2    0.2    3.5    6.5   91.2    2.0    4.6    3.0    5.5    0.0  976.9
10708 20170205  3   -1.7   -0.5    3.2    5.5   96.3    2.0   11.1    0.0    7.0    8.2  965.1
10708 20170204  3   -1.3    1.2    4.6    6.6   90.3    4.0   15.4    0.0    6.4   11.6  963.4
10708 20170203  3    1.3    5.7    7.7   10.1   88.3    3.0   15.4    2.2    6.7    0.5  968.3
10708 20170202  3    1.8    2.4    7.9   12.4   85.1    2.0    6.7    1.7    6.9    2.7  971.9
10708 20170201  3    0.1    0.1    1.6    3.4  100.0    3.0    7.5    0.0    8.0    0.2  977.9
10708 20170131  3    0.3    0.4    3.6    5.5   98.2    2.0    6.0    0.0    7.7    0.4  977.2
10708 20170130  3   -0.7    2.5    4.3    5.5   96.8    3.0   13.4    0.0    7.8    6.5  976.8
10708 20170129  3   -2.5    0.2    3.3    6.4   85.7    2.0    7.5    1.2    6.3    2.2  982.9
10708 20170128  3   -8.6   -5.5   -1.3    3.0   78.8    2.0    6.7    1.8    5.3    0.1  981.0
10708 20170127  3   -8.6   -6.8   -3.1    1.2   83.0    3.0    9.3    0.4    4.6    0.0  981.4
10708 20170126  3   -7.9   -5.7   -3.7   -1.7   86.0    4.0   10.6    0.0    5.5    0.0  984.9
10708 20170125  3   -6.9   -7.1   -5.6   -4.4   88.6    3.0   11.1    0.0    7.6    0.0  989.2
10708 20170124  3   -4.5   -4.5   -3.5   -1.3   93.1    2.0   10.3    0.0    8.0    0.0  988.3
10708 20170123  3  -13.9  -10.5   -5.7    0.0   88.4    2.0    7.0    7.6    2.2    0.0  986.3
10708 20170122  3  -12.6   -8.6   -5.1    0.5   80.3    2.0    5.7    8.1    0.5    0.0  986.5
10708 20170121  3  -11.9   -8.8   -4.2    0.8   69.3    2.0    6.9    8.0    0.2    0.0  989.5
10708 20170120  3   -9.7   -7.3   -3.2    2.4   61.3    3.0    9.8    8.2    0.4    0.0  992.1
10708 20170119  3   -8.5   -7.3   -4.4   -0.8   73.8    4.0   11.7    7.9    0.3    0.0  994.0
10708 20170118  3   -7.8   -6.5   -4.2   -1.6   77.1    4.0   12.3    5.4    2.7    0.0  995.0
10708 20170117  3   -8.6   -6.5   -3.8   -1.1   77.4    4.0   12.5    3.2    3.9    0.0  993.4
10708 20170116  3  -10.3   -7.5   -3.9    0.0   92.5    2.0    7.7    2.6    4.4    0.0  986.2
10708 20170115  3   -6.9   -3.7   -0.7    2.2   91.5    2.0    6.7    3.9    6.4    0.3  982.1
10708 20170114  3   -3.9   -1.5    0.4    1.5   91.0    3.0   11.0    0.1    7.0    0.0  975.3
10708 20170113  3   -2.7   -0.8    1.0    4.6   84.0    5.0   27.4    0.6    6.8    1.5  964.9
10708 20170112  3    1.5    2.7    3.5    5.6   94.3    4.0   23.7    0.0    7.5    8.3  971.0
10708 20170111  3   -0.8   -0.4    1.8    4.8   99.0    3.0   15.1    0.0    7.8    2.9  974.3
10708 20170110  3   -1.5   -0.8    0.1    1.5   99.8    2.0    6.7    0.0    7.8    6.5  973.4
10708 20170109  3   -1.0   -0.7   -0.2    0.4   99.1    2.0    8.6    0.0    7.8    4.3  987.2
10708 20170108  3   -3.2   -3.4   -1.3    0.1  100.0    2.0    5.7    0.0    8.0    0.0  992.1
10708 20170107  3  -13.8  -11.1   -6.7   -3.3   88.4    2.0    6.7    0.0    6.6    1.3  994.8
10708 20170106  3  -13.6  -10.3   -7.7   -4.3   84.2    2.0    6.3    7.5    1.4    0.0  999.2
10708 20170105  3   -9.8   -6.9   -2.2    0.9   85.3    2.0   13.4    3.5    2.5    0.0  989.6
10708 20170104  3   -4.4   -1.3    0.0    1.0   99.9    3.0   11.7    0.0    7.4    2.1  980.5
10708 20170103  3   -7.6   -3.4   -1.4   -0.7   99.9    3.0   10.8    0.0    7.8    0.2  988.2
10708 20170102  3   -4.9   -2.2   -0.9   -0.1  100.0    2.0    5.7    0.0    7.8    2.2  984.6
10708 20170101  3   -5.5   -6.0   -3.8   -1.5  100.0    2.0    5.7    0.0    8.0    0.0  984.3
10708 20161231  3   -6.2   -6.4   -5.6   -4.6  100.0    1.0    2.1    0.0    8.0    0.0  994.5
10708 20161230  3   -8.2   -5.4   -2.9    0.4   99.1    1.0    5.7    3.5    4.2    0.0  998.6
10708 20161229  3   -5.4   -2.6    0.1    4.4   92.4    3.0    7.7    7.3    0.0    0.0  999.6
10708 20161228  3   -7.4   -5.1   -0.9    3.0   96.0    2.0    7.7    6.9    1.4    0.0 1004.4
10708 20161227  3   -6.9   -3.0    0.2    5.1   96.4    2.0    5.1    5.9    1.5    0.0 1002.9
10708 20161226  3   -4.1   -1.3    5.2    8.9   99.6    3.0   11.1    0.0    6.0    0.6  993.1
10708 20161225  3    5.2    5.6    6.3    6.9   94.4    4.0   14.4    0.0    8.0    0.4  991.7
10708 20161224  3    3.6    4.3    5.6    7.1   96.0    4.0   11.3    0.0    7.8    2.6  991.6
10708 20161223  3    3.4    3.4    4.2    5.0  100.0    2.0   11.0    0.0    7.9    1.0  995.2
10708 20161222  3   -1.1   -1.4    0.6    3.4  100.0    2.0    5.1    0.0    8.0    5.6  992.2
10708 20161221  3   -1.2   -1.4    0.2    1.8   99.9    2.0    4.6    0.0    8.0    0.0  990.3
10708 20161220  3   -5.2   -2.3    0.2    2.0   92.7    3.0   11.7    0.1    6.4    0.0  984.5
10708 20161219  3   -0.9    0.5    2.2    3.4   91.1    3.0   12.3    0.0    6.3    0.0  987.7
10708 20161218  3   -0.1   -0.3    1.6    3.1  100.0    1.0    3.6    0.0    8.0    0.0  996.5
10708 20161217  3   -4.7   -1.9    0.8    3.7   97.8    1.0    5.7    0.2    6.4    0.0  998.4
10708 20161216  3   -1.4    0.2    2.1    4.1   94.8    3.0    8.2    0.6    6.9    0.0  990.7
10708 20161215  3    2.7    2.7    4.5    6.1   98.9    3.0    8.4    0.0    7.7    0.0  987.1
10708 20161214  3    0.2    1.7    4.8   11.1   88.5    2.0    7.2    4.8    5.3    0.0  986.3
10708 20161213  3   -1.6   -0.8    1.2    3.3  100.0    2.0    4.1    0.0    7.8    0.6  987.7
10708 20161212  3   -3.9   -1.6    3.9    6.7   95.1    2.0    6.7    0.2    6.3    0.0  988.1
10708 20161211  3    0.2    2.1    5.3    8.5   91.3    3.0    7.2    0.2    7.5    0.1  985.3
10708 20161210  3   -5.1   -1.9    2.7    7.3   87.6    2.0    4.6    7.3    2.8    0.2  988.3
10708 20161209  3   -4.5   -0.7    2.2    6.9   87.7    1.0    4.1    1.6    4.0    0.0  993.0
10708 20161208  3   -6.4   -4.9   -0.3    4.8   95.8    1.0    5.1    5.5    4.0    0.0  994.2
10708 20161207  3   -3.5   -3.8   -2.6   -1.2  100.0    1.0    3.6    0.0    8.0    0.0  995.2
10708 20161206  3   -3.4   -3.7   -2.8   -1.5  100.0    2.0    4.3    0.0    8.0    0.0  992.3
10708 20161205  3   -5.8   -4.2   -2.5   -1.3   99.4    2.0    7.2    0.0    7.0    0.0  988.6
10708 20161204  3   -6.3   -4.1   -1.7    2.6   85.0    3.0    9.4    7.5    0.4    0.0  986.6
10708 20161203  3   -4.5   -2.7    0.1    4.0   85.4    3.0    9.8    7.5    0.0    0.0  984.5
10708 20161202  3   -0.9    1.1    2.8    5.6   96.1    2.0    7.0    1.3    6.9    0.0  984.9
10708 20161201  3   -8.1   -5.5   -0.8    2.2   92.3    2.0    5.8    2.4    5.6    0.0  990.3
10708 20161130  3   -9.5   -7.1   -2.3    2.9   80.3    2.0    5.1    7.5    2.3    0.0  994.4
10708 20161129  3   -7.3   -4.4   -1.8    3.1   73.9    3.0   11.3    7.7    0.0    0.0  992.7
10708 20161128  3   -4.0   -2.5    0.6    3.4   80.0    4.0   13.2    7.5    1.4    0.0  987.2
10708 20161127  3    0.2    1.9    5.3    6.9   85.2    2.0    9.1    0.1    6.9    0.0  981.1
10708 20161126  3    5.6    5.7    6.3    7.1   93.2    2.0    5.1    0.0    7.8    0.0  979.7
10708 20161125  3    6.7    7.0    7.6    8.5   85.6    4.0   15.1    0.0    7.3    0.0  978.0
10708 20161124  3    6.5    7.6    9.2   11.3   82.5    4.0   14.4    1.1    6.0    0.0  977.3
10708 20161123  3    5.7    6.9    9.1   12.2   90.8    3.0   10.6    2.4    6.8    0.0  977.8
10708 20161122  3    7.4    8.1    9.2   11.7   94.7    2.0    8.2    0.1    7.5    3.1  973.7
10708 20161121  3    7.4    7.7    9.5   14.2   85.0    2.0   12.9    0.0    7.8   10.7  965.7
10708 20161120  3    1.5    3.7    9.9   14.1   68.0    4.0   17.5    0.0    6.5    0.4  965.6
10708 20161119  3    0.2    2.3    5.1    8.5   90.1    3.0   13.4    1.4    5.4    1.3  971.3
10708 20161118  3    0.6    3.9    8.0   11.4   91.2    4.0   20.9    0.3    6.3    5.0  966.5
10708 20161117  3    8.1    8.5    9.6   10.8   96.5    4.0   17.8    0.0    7.4    7.3  973.0
10708 20161116  3    4.5    4.5    7.0    8.9  100.0    3.0   10.3    0.0    8.0    5.3  983.0
10708 20161115  3   -1.0   -1.0    1.8    4.5   98.9    3.0    8.2    0.0    8.0    4.5  991.0
10708 20161114  3   -4.2   -3.2   -0.5    3.0   87.7    2.0    7.7    7.7    3.5    0.0  992.9
10708 20161113  3   -1.3   -0.2    2.4    5.4   91.2    3.0    7.0    0.1    7.5    0.1  986.1
10708 20161112  3   -0.6    0.2    2.1    5.1   91.7    2.0    6.3    1.4    6.6    0.0  984.9
10708 20161111  3    2.2    2.4    4.4    5.7   98.0    2.0    8.2    0.1    7.5    1.5  977.2
10708 20161110  3    2.9    4.2    5.6    7.5   95.0    3.0   15.9    0.2    7.2    9.1  969.6
10708 20161109  3    0.7    1.2    3.1    5.9   93.3    4.0   19.2    0.0    7.7    6.4  966.2
10708 20161108  3   -3.2   -0.9    1.5    4.2   93.2    2.0    8.7    0.1    6.6    0.3  971.9
10708 20161107  3   -2.1   -0.6    1.7    4.7   95.9    2.0    8.2    0.3    7.0    1.2  969.6
10708 20161106  3   -2.9   -0.6    3.5    6.9   92.7    2.0    9.3    1.0    5.1    0.0  965.2
10708 20161105  3    1.6    3.3    6.4    7.6   98.1    2.0   10.3    0.0    7.7    9.1  965.4
10708 20161104  3   -2.3   -0.8    4.4    8.8   87.9    2.0    7.4    0.0    6.7    0.2  976.1
10708 20161103  3   -2.8   -0.2    3.4    9.1   90.8    1.0    3.4    3.2    5.5    0.0  983.8
10708 20161102  3   -2.5    0.8    7.0   11.6   83.1    2.0    9.1    5.0    5.5    0.0  981.9
10708 20161101  3    0.8    3.6    7.4   13.4   92.8    2.0    7.2    7.1    5.6    0.0  983.2
10708 20161031  3    3.2    4.8    8.2   14.0   88.0    3.0    7.9    8.8    1.6    0.0  989.1
10708 20161030  3    3.1    4.3    8.3   14.4   85.7    3.0    8.2    8.9    2.2    0.0  991.6
10708 20161029  3    3.9    5.3   10.1   14.8   90.9    1.0    5.7    3.0    4.8    0.0  995.3
10708 20161028  3    4.6    3.8    6.6    9.2  100.0    1.0    3.6    0.0    7.9    0.0  996.5
10708 20161027  3    2.3    2.8    5.4    8.3  100.0    1.0    3.1    0.0    7.8    0.3  995.5
10708 20161026  3    2.1    3.9    8.4   13.6   92.2    2.0    5.1    5.6    4.7    0.0  990.2
10708 20161025  3    5.8    7.9   10.6   12.0   95.1    2.0    6.7    0.0    7.3    0.0  984.4
10708 20161024  3    7.8    7.8   10.3   12.3  100.0    2.0    5.1    0.0    8.0    9.3  974.9
10708 20161023  3    1.1    2.4    6.8   11.3   94.9    3.0    8.1    4.4    5.8    8.4  973.7
10708 20161022  3    0.6    2.6    6.2    9.3   97.1    2.0    4.6    0.0    6.8    0.4  976.5
10708 20161021  3   -0.5    1.8    5.4    9.2   95.0    2.0    6.2    0.0    5.5    0.0  977.5
10708 20161020  3    2.5    4.2    7.8   10.1   97.6    3.0   11.1    0.0    7.6    9.0  976.3
